<?xml version="1.0" encoding="UTF-8"?>
<map version="1.0" tiledversion="1.0.3" orientation="orthogonal" renderorder="right-up" width="24" height="28" tilewidth="70" tileheight="70" nextobjectid="3">
 <tileset firstgid="1" source="Base pack - platformer game.tsx"/>
 <layer name="Warstwa Kafelków 1" width="24" height="28">
  <data encoding="csv">
13,13,37,37,37,1,25,13,25,13,13,1,37,37,1,37,13,37,13,25,1,1,13,37,
1,13,1,13,25,37,25,49,1,1,1,25,13,49,13,1,37,25,25,25,37,1,13,25,
25,1,37,13,13,25,49,37,13,25,37,1,37,49,25,13,37,13,37,25,49,49,1,13,
1,25,1,13,13,37,25,37,49,49,37,13,37,13,37,49,1,49,1,49,37,13,13,1,
25,25,13,13,37,1,1,13,49,1,1,25,37,1,1,13,37,1,49,49,1,49,13,37,
25,37,49,49,25,49,25,25,1,49,1,37,37,25,13,37,49,1,49,1,25,49,49,13,
37,37,25,13,37,1,13,13,37,49,25,49,1,49,49,25,49,1,49,49,25,49,37,13,
49,49,37,25,1,49,1,13,13,1,13,37,13,49,13,25,1,37,1,49,1,49,13,1,
37,1,25,49,25,25,13,1,37,49,49,37,25,13,49,1,37,49,49,1,25,13,37,1,
1,25,13,49,1,49,13,25,49,25,13,25,1,1,49,25,13,49,1,49,13,25,37,1,
25,49,37,13,37,1,1,25,25,13,13,49,1,1,1,37,25,37,37,49,49,49,1,13,
13,49,37,13,25,1,37,13,37,37,49,37,13,37,1,1,49,25,49,49,25,37,1,37,
49,25,37,13,1,49,13,49,25,25,49,37,25,1,49,13,37,13,49,49,13,49,1,37,
25,25,25,49,1,37,1,37,1,49,37,13,1,1,13,49,13,13,25,37,49,49,1,25,
13,1,25,49,37,25,49,1,1,13,25,37,1,49,49,1,49,25,25,49,25,13,37,49,
37,25,13,1,13,1,13,1,13,1,13,25,1,25,1,13,1,1,1,37,1,1,1,49,
25,49,49,25,49,37,49,37,37,1,37,1,13,1,25,13,1,25,37,13,37,49,49,25,
37,25,37,25,37,13,13,1,13,25,49,13,37,49,49,1,1,13,49,13,13,37,1,25,
13,13,49,25,25,25,13,13,25,13,13,49,37,37,25,13,25,13,13,49,49,13,13,1,
13,25,49,25,25,37,25,25,25,49,37,37,25,25,37,49,25,37,13,49,49,25,49,25,
25,1,1,1,1,49,25,13,13,37,13,1,49,37,49,49,1,13,1,13,37,1,37,25,
25,25,1,13,49,49,37,25,37,37,37,13,37,25,13,49,37,37,25,1,37,1,25,13,
49,37,13,13,49,1,13,1,49,13,25,25,13,1,13,25,13,1,49,13,49,13,13,13,
25,37,13,1,1,1,25,49,37,49,49,25,1,37,25,49,1,25,25,13,49,49,49,13,
49,49,25,13,13,49,25,13,13,25,25,1,1,13,37,1,25,25,1,25,49,49,37,49,
1,37,1,37,13,1,13,13,1,13,37,49,37,13,25,49,49,25,1,1,1,1,37,25,
37,13,1,25,13,13,37,25,25,25,49,13,25,37,13,25,49,25,49,49,13,49,37,1,
49,49,25,49,37,13,25,49,37,49,1,37,13,13,49,37,37,49,25,25,13,37,25,25
</data>
 </layer>
 <objectgroup name="Warstwa Obiektu 1">
  <object id="1" name="Ground" x="0" y="1890" width="1680" height="70"/>
  <object id="2" name="Player" x="420" y="1330" width="66" height="92"/>
 </objectgroup>
</map>
